0 3 1.0
0 716 1.0
0 831 1.0
0 455 1.0
0 888 1.0
0 43 0.9998325705528259
0 811 0.9998297095298767
0 544 0.999625027179718
0 789 0.999625027179718
0 714 0.9996152520179749
1 168 0.9999704360961914
1 809 0.9998843669891357
1 272 0.9997292160987854
1 119 0.9988922476768494
1 601 0.9988922476768494
1 628 0.998481035232544
1 796 0.9974517822265625
1 459 0.9974517822265625
1 732 0.9974517822265625
1 543 0.9974517822265625
2 292 0.9999575614929199
2 800 0.9999571442604065
2 740 0.9998310208320618
2 21 0.9998310208320618
2 49 0.9998282194137573
2 444 0.9998282194137573
2 694 0.999621570110321
2 497 0.999621570110321
2 20 0.999621570110321
2 200 0.9993304014205933
3 0 1.0
3 716 1.0
3 831 1.0
3 455 1.0
3 888 1.0
3 43 0.9998325705528259
3 811 0.9998297095298767
3 544 0.999625027179718
3 789 0.999625027179718
3 714 0.9996152520179749
4 154 0.9999611973762512
4 17 0.9998473525047302
4 759 0.9998473525047302
4 884 0.999646782875061
4 718 0.9993962645530701
4 375 0.9990084171295166
4 37 0.9990084171295166
4 731 0.9990084171295166
4 11 0.9990084171295166
4 10 0.9986581802368164
5 297 0.999863862991333
5 283 0.9998601078987122
5 334 0.9996954798698425
5 768 0.9996829032897949
5 226 0.9994626045227051
5 774 0.9994626045227051
5 900 0.9994325637817383
5 112 0.9991661310195923
5 575 0.9988077878952026
5 92 0.9988077878952026
6 818 0.9998915791511536
6 327 0.9989590644836426
6 787 0.9989590644836426
6 236 0.9981203079223633
6 162 0.9981203079223633
6 408 0.9976025819778442
6 454 0.9976025819778442
6 86 0.997017502784729
6 783 0.997017502784729
6 851 0.9963637590408325
7 217 0.9999628663063049
7 451 0.9999624490737915
7 801 0.9999624490737915
7 193 0.9998525381088257
7 190 0.9996584057807922
7 939 0.9993891716003418
7 761 0.9993891716003418
7 325 0.9990963339805603
7 94 0.9990403056144714
7 577 0.9990403056144714
8 192 1.0
8 472 1.0
8 846 1.0
8 773 0.9999599456787109
8 868 0.9999599456787109
8 683 0.9999595284461975
8 769 0.9999595284461975
8 427 0.9999595284461975
8 225 0.9999595284461975
8 475 0.9999595284461975
9 160 0.9997292160987854
9 204 0.9988922476768494
9 418 0.9915413856506348
9 338 0.9891518950462341
9 679 0.9864336848258972
9 124 0.9817217588424683
9 364 0.979978084564209
9 845 0.9762258529663086
9 588 0.9627998471260071
10 718 0.9998544454574585
10 712 0.9996829032897949
10 315 0.99944007396698
10 759 0.9994106888771057
10 17 0.9994106888771057
10 796 0.9991311430931091
10 913 0.9991311430931091
10 732 0.9991311430931091
10 459 0.9991311430931091
10 543 0.9991311430931091
11 37 1.0000001192092896
11 731 1.0000001192092896
11 375 1.0000001192092896
11 504 0.9999591708183289
11 436 0.9999591708183289
11 804 0.9999591708183289
11 416 0.9999591708183289
11 884 0.9998388290405273
11 733 0.9996283650398254
11 906 0.9996283650398254
12 635 1.0
12 165 1.0
12 893 1.0
12 936 0.9999680519104004
12 655 0.9999680519104004
12 328 0.9999680519104004
12 593 0.9999676942825317
12 58 0.9998731017112732
12 136 0.9997166395187378
12 589 0.9997166395187378
13 231 0.9999999403953552
13 928 0.9999666810035706
13 548 0.9996954798698425
13 194 0.9996954798698425
13 887 0.9994549751281738
13 917 0.9991427659988403
13 308 0.9991427659988403
13 73 0.9987571835517883
13 642 0.9987571835517883
13 70 0.9987571835517883
14 211 1.0000001192092896
14 320 1.0000001192092896
14 908 0.999968945980072
14 877 0.999968945980072
14 622 0.999968945980072
14 170 0.9999685883522034
14 64 0.9998769164085388
14 534 0.9994850754737854
14 754 0.9991897344589233
14 484 0.9991897344589233
15 431 0.9999570250511169
15 254 0.9998282194137573
15 447 0.9998282194137573
15 566 0.9996153116226196
15 74 0.9996153116226196
15 374 0.9992979764938354
15 421 0.9989404082298279
15 178 0.9984105825424194
15 144 0.9958591461181641
15 91 0.9950144290924072
16 736 1.0000001192092896
16 794 1.0000001192092896
16 474 1.0000001192092896
16 675 1.0000001192092896
16 742 0.9999603629112244
16 133 0.9999603629112244
16 221 0.9999599456787109
16 44 0.9999599456787109
16 218 0.99984210729599
16 118 0.99984210729599
17 759 1.0000001192092896
17 718 0.9998508095741272
17 4 0.9998473525047302
17 154 0.9996544718742371
17 10 0.9994106888771057
17 884 0.9990295767784119
17 712 0.9982295036315918
17 731 0.9980777502059937
17 11 0.9980777502059937
17 375 0.9980777502059937
18 682 0.9998601078987122
18 532 0.9996872544288635
18 183 0.9996746778488159
18 905 0.9991427659988403
18 666 0.9990850687026978
18 842 0.9990850687026978
18 610 0.9987742304801941
18 526 0.9981850385665894
18 230 0.9978512525558472
18 333 0.9976155161857605
19 361 0.9982295036315918
19 721 0.9979111552238464
19 355 0.996320903301239
19 707 0.9902628660202026
19 34 0.9810433983802795
20 497 0.9999999403953552
20 694 0.9999999403953552
20 200 0.9999586939811707
20 21 0.9999582767486572
20 740 0.9999582767486572
20 895 0.9998356103897095
20 292 0.9998325705528259
20 2 0.999621570110321
20 198 0.9993488788604736
20 800 0.9993245601654053
21 740 0.9999998807907104
21 497 0.9999582767486572
21 20 0.9999582767486572
21 694 0.9999582767486572
21 292 0.9999579191207886
21 200 0.9998340010643005
21 2 0.9998310208320618
21 895 0.9996283650398254
21 800 0.9996183514595032
21 444 0.9993187785148621
22 409 1.0000001192092896
22 919 1.0000001192092896
22 489 0.9999599456787109
22 95 0.9989778399467468
22 836 0.9986106157302856
22 781 0.996629536151886
22 23 0.996629536151886
22 259 0.9962316751480103
22 149 0.9958217740058899
22 600 0.9949240684509277
23 781 1.0000001192092896
23 149 0.9999566078186035
23 600 0.999825656414032
23 95 0.9993188977241516
23 489 0.9973242282867432
23 409 0.996629536151886
23 22 0.996629536151886
23 919 0.996629536151886
23 836 0.9909217357635498
23 259 0.9857586622238159
24 209 0.9999999403953552
24 633 0.9999999403953552
24 289 0.9999643564224243
24 274 0.9999637603759766
24 232 0.9999637603759766
24 535 0.9999637603759766
24 820 0.9998544454574585
24 251 0.9996829032897949
24 649 0.9996829032897949
24 521 0.9996704459190369
25 270 0.999876856803894
25 339 0.9997124671936035
25 847 0.9997124671936035
25 132 0.9995150566101074
25 381 0.9994850158691406
25 637 0.9994850158691406
25 824 0.9991896748542786
25 883 0.9991896748542786
25 582 0.9991896748542786
25 342 0.9988247156143188
26 146 1.0000001192092896
26 562 0.9999643564224243
26 337 0.9999643564224243
26 638 0.9998601078987122
26 277 0.9996746778488159
26 907 0.9994477033615112
26 941 0.9978512525558472
26 684 0.9976155161857605
26 87 0.9972999095916748
26 894 0.9969647526741028
27 832 0.9998455047607422
27 198 0.99984210729599
27 384 0.9993891716003418
27 895 0.9993619322776794
27 200 0.9989979267120361
27 694 0.9985499382019043
27 20 0.9985499382019043
27 497 0.9985499382019043
27 740 0.998016893863678
27 21 0.998016893863678
28 262 1.0
28 498 0.999965250492096
28 199 0.9999648928642273
28 791 0.9999648928642273
28 378 0.9996914267539978
28 101 0.9996787309646606
28 318 0.9996787309646606
28 54 0.9994252324104309
28 505 0.9991545081138611
28 829 0.9991545081138611
29 470 0.9995835423469543
29 879 0.9983437657356262
29 460 0.9970689415931702
29 100 0.9970689415931702
29 450 0.9962993264198303
29 579 0.9962993264198303
29 366 0.9954430460929871
29 256 0.9954430460929871
29 862 0.9954430460929871
29 699 0.9954430460929871
30 161 0.9999579191207886
30 864 0.9999579191207886
30 822 0.999625027179718
30 432 0.999625027179718
30 825 0.9993364810943604
30 595 0.9993134140968323
30 188 0.997397780418396
30 380 0.9967237710952759
30 570 0.9959766864776611
30 238 0.9911977052688599
31 229 1.0000001192092896
31 853 0.9999595284461975
31 653 0.9999591708183289
31 139 0.9998388290405273
31 240 0.9998356103897095
31 938 0.9998356103897095
31 371 0.9996283650398254
31 202 0.9996283650398254
31 874 0.9993364810943604
31 347 0.9993364810943604
32 36 0.9999998807907104
32 134 0.9999998807907104
32 65 0.9999998807907104
32 390 0.9999998807907104
32 837 0.9999998807907104
32 407 0.9999998807907104
32 705 0.9999998807907104
32 300 0.9999575614929199
32 640 0.9999575614929199
32 72 0.9999575614929199
33 150 0.9999999403953552
33 493 0.9999999403953552
33 78 0.9999637603759766
33 687 0.9999632835388184
33 715 0.9998526573181152
33 856 0.9996663928031921
33 276 0.9996663928031921
33 237 0.9994325637817383
33 79 0.9994034171104431
33 295 0.9991194009780884
34 707 0.9984681010246277
34 355 0.9940418004989624
34 361 0.9908331632614136
34 19 0.9810433983802795
34 721 0.9664753675460815
35 261 0.9999998807907104
35 461 0.9999998807907104
35 257 0.9999998807907104
35 540 0.9999998807907104
35 871 0.9999998807907104
35 222 0.9999998807907104
35 758 0.9999561309814453
35 273 0.9999561309814453
35 365 0.9999561309814453
35 313 0.9999561309814453
36 32 0.9999998807907104
36 134 0.9999998807907104
36 65 0.9999998807907104
36 390 0.9999998807907104
36 837 0.9999998807907104
36 407 0.9999998807907104
36 705 0.9999998807907104
36 300 0.9999575614929199
36 640 0.9999575614929199
36 72 0.9999575614929199
37 731 1.0000001192092896
37 375 1.0000001192092896
37 11 1.0000001192092896
37 504 0.9999591708183289
37 436 0.9999591708183289
37 804 0.9999591708183289
37 416 0.9999591708183289
37 884 0.9998388290405273
37 733 0.9996283650398254
37 906 0.9996283650398254
38 925 0.9978812336921692
38 386 0.997644305229187
38 330 0.997644305229187
38 914 0.9973377585411072
38 91 0.9970009326934814
38 144 0.9962760806083679
38 421 0.991389274597168
38 74 0.9888272285461426
38 566 0.9888272285461426
38 447 0.9874124526977539
39 429 0.9999999403953552
39 70 0.9999637603759766
39 106 0.9999637603759766
39 73 0.9999637603759766
39 642 0.9999637603759766
39 336 0.9999632835388184
39 308 0.9998562932014465
39 917 0.9998562932014465
39 873 0.9998526573181152
39 887 0.9996787309646606
40 604 1.0
40 147 1.0
40 691 0.9999616146087646
40 379 0.9999611973762512
40 784 0.9999611973762512
40 881 0.9998473525047302
40 114 0.9998438358306885
40 521 0.9996584057807922
40 370 0.9996584057807922
40 536 0.9996584057807922
41 189 1.0000001192092896
41 446 1.0000001192092896
41 577 0.9999603629112244
41 94 0.9999603629112244
41 767 0.9999599456787109
41 939 0.99984210729599
41 761 0.99984210729599
41 747 0.9998388290405273
41 260 0.9998388290405273
41 749 0.9998388290405273
42 821 1.0
42 353 1.0
42 228 1.0
42 343 0.9999599456787109
42 279 0.9999599456787109
42 344 0.9999595284461975
42 268 0.999840497970581
42 894 0.999840497970581
42 684 0.9996429085731506
42 252 0.9996318817138672
43 544 0.9999586939811707
43 789 0.9999586939811707
43 243 0.9998356103897095
43 716 0.9998325705528259
43 0 0.9998325705528259
43 888 0.9998325705528259
43 455 0.9998325705528259
43 3 0.9998325705528259
43 831 0.9998325705528259
43 76 0.9993488788604736
44 221 1.0
44 675 0.9999599456787109
44 736 0.9999599456787109
44 16 0.9999599456787109
44 474 0.9999599456787109
44 794 0.9999599456787109
44 660 0.9999595284461975
44 282 0.9999595284461975
44 605 0.9999595284461975
44 742 0.999840497970581
45 127 0.999625027179718
45 148 0.9974763989448547
45 128 0.9968239665031433
45 423 0.9968239665031433
45 612 0.9961012005805969
45 597 0.9935270547866821
45 855 0.9903746247291565
45 680 0.989202618598938
45 808 0.9810046553611755
46 514 1.0
46 90 0.9998843669891357
46 171 0.9998843669891357
46 312 0.9953712821006775
46 206 0.9936113357543945
46 880 0.9936113357543945
46 743 0.9891518950462341
46 287 0.9878343343734741
46 574 0.9864336848258972
46 62 0.9833782911300659
47 851 0.9999671578407288
47 665 0.9999666810035706
47 783 0.9998693466186523
47 86 0.9998693466186523
47 512 0.9998655915260315
47 408 0.9997081756591797
47 454 0.9997081756591797
47 382 0.9996954798698425
47 162 0.9994850158691406
47 236 0.9994850158691406
48 158 0.9999998807907104
48 476 0.9999998807907104
48 874 0.9999575614929199
48 347 0.9999575614929199
48 711 0.9999571442604065
48 916 0.9999571442604065
48 303 0.9999571442604065
48 710 0.9999571442604065
48 598 0.9999571442604065
48 371 0.9998310208320618
49 444 0.9999998807907104
49 800 0.9999567866325378
49 2 0.9998282194137573
49 292 0.9996152520179749
49 740 0.9993187785148621
49 21 0.9993187785148621
49 694 0.9989402890205383
49 497 0.9989402890205383
49 20 0.9989402890205383
49 200 0.9984808564186096
50 902 1.0000001192092896
50 478 0.9998388290405273
50 186 0.9998356103897095
50 569 0.9998356103897095
50 702 0.9998356103897095
50 658 0.9996392130851746
50 294 0.9996392130851746
50 314 0.9996392130851746
50 790 0.9996392130851746
50 155 0.9996283650398254
51 641 1.0
51 630 1.0
51 269 1.0
51 481 1.0
51 786 1.0
51 587 1.0
51 871 0.9999558925628662
51 461 0.9999558925628662
51 261 0.9999558925628662
51 540 0.9999558925628662
52 863 0.9999586939811707
52 113 0.9999586939811707
52 624 0.9999586939811707
52 644 0.9999586939811707
52 513 0.9999586939811707
52 57 0.9999586939811707
52 159 0.9999586939811707
52 799 0.9999582767486572
52 284 0.9999582767486572
52 550 0.9999582767486572
53 861 0.9996184706687927
53 180 0.99932461977005
53 264 0.99932461977005
53 722 0.99932461977005
53 356 0.99932461977005
53 249 0.9979599118232727
53 723 0.9966602325439453
53 870 0.9966602325439453
53 652 0.9966602325439453
53 83 0.9958974719047546
54 101 0.9999632835388184
54 318 0.9999632835388184
54 181 0.9999629855155945
54 632 0.9998508095741272
54 214 0.9998508095741272
54 199 0.9996746778488159
54 791 0.9996746778488159
54 599 0.9996623992919922
54 28 0.9994252324104309
54 262 0.9994252324104309
55 448 0.9998310208320618
55 827 0.9996283650398254
55 817 0.9996283650398254
55 775 0.9989778399467468
55 219 0.9989778399467468
55 333 0.998016893863678
55 526 0.9974234700202942
55 842 0.9960174560546875
55 666 0.9960174560546875
55 183 0.9943289160728455
56 627 0.99959397315979
56 129 0.9992932081222534
56 288 0.9988667964935303
56 126 0.987914502620697
57 863 1.0
57 113 1.0
57 159 1.0
57 644 1.0
57 624 1.0
57 513 1.0
57 282 0.9999591708183289
57 605 0.9999591708183289
57 660 0.9999591708183289
57 52 0.9999586939811707
58 589 0.9999688863754272
58 157 0.9999688863754272
58 677 0.9999688863754272
58 546 0.9999688863754272
58 136 0.9999688863754272
58 655 0.9999684691429138
58 328 0.9999684691429138
58 936 0.9999684691429138
58 672 0.999876856803894
58 84 0.999876856803894
59 163 0.9997166395187378
59 115 0.996690571308136
59 519 0.9959703087806702
59 909 0.9827190041542053
60 536 0.9999998807907104
60 370 0.9999998807907104
60 521 0.9999998807907104
60 820 0.9999628663063049
60 881 0.9999624490737915
60 232 0.9998525381088257
60 274 0.9998525381088257
60 535 0.9998525381088257
60 691 0.9998489618301392
60 209 0.9996704459190369
61 524 1.0
61 921 0.9998372197151184
61 725 0.9998340010643005
61 173 0.9996355772018433
61 435 0.9996355772018433
61 438 0.9993304014205933
61 179 0.9989494681358337
61 878 0.9985647797584534
61 399 0.9985647797584534
61 79 0.9980571269989014
62 782 0.9999603629112244
62 525 0.9999603629112244
62 574 0.9998438358306885
62 287 0.9996505379676819
62 743 0.9993823170661926
62 507 0.9993553757667542
62 805 0.9993553757667542
62 430 0.997997522354126
62 206 0.9975869059562683
62 880 0.9975869059562683
63 685 0.9999999403953552
63 578 0.9999999403953552
63 793 0.9999999403953552
63 241 0.9999611973762512
63 242 0.9999611973762512
63 658 0.999960720539093
63 314 0.999960720539093
63 294 0.999960720539093
63 790 0.999960720539093
63 410 0.9998455047607422
64 908 0.9999693036079407
64 877 0.9999693036079407
64 622 0.9999693036079407
64 320 0.9998769164085388
64 14 0.9998769164085388
64 211 0.9998769164085388
64 170 0.9997208714485168
64 534 0.9988584518432617
64 754 0.9984350800514221
64 484 0.9984350800514221
65 32 0.9999998807907104
65 36 0.9999998807907104
65 134 0.9999998807907104
65 390 0.9999998807907104
65 837 0.9999998807907104
65 407 0.9999998807907104
65 705 0.9999998807907104
65 300 0.9999575614929199
65 640 0.9999575614929199
65 72 0.9999575614929199
66 581 0.9999998211860657
66 862 0.9999998211860657
66 760 0.9999998211860657
66 256 0.9999998211860657
66 366 0.9999998211860657
66 699 0.9999998211860657
66 396 0.9999998211860657
66 618 0.9999998211860657
66 620 0.9999998211860657
66 452 0.9999555945396423
67 709 0.9999998807907104
67 220 0.9999998807907104
67 728 0.9999998807907104
67 245 0.9999998807907104
67 290 0.9999998807907104
67 424 0.9999998807907104
67 392 0.9999998807907104
67 520 0.9999998807907104
67 816 0.9999998807907104
67 302 0.9999998807907104
67 109 0.9999998807907104
68 104 1.0
68 434 1.0
68 267 1.0
68 626 1.0
68 745 0.9999579191207886
68 266 0.9999575614929199
68 560 0.9999575614929199
68 713 0.9998325705528259
68 486 0.9998297095298767
68 215 0.9998297095298767
69 915 1.0
69 467 0.9999591708183289
69 539 0.9999591708183289
69 246 0.9999591708183289
69 713 0.9999586939811707
69 406 0.9998372197151184
69 466 0.9998372197151184
69 529 0.9998372197151184
69 494 0.9998372197151184
69 745 0.9998340010643005
70 106 0.9999999403953552
70 73 0.9999999403953552
70 642 0.9999999403953552
70 308 0.9999643564224243
70 917 0.9999643564224243
70 429 0.9999637603759766
70 39 0.9999637603759766
70 887 0.9998582005500793
70 336 0.9998544454574585
70 194 0.9996829032897949
71 872 1.0
71 719 0.9999685883522034
71 798 0.9999685883522034
71 528 0.9999680519104004
71 522 0.9998749494552612
71 437 0.9997208714485168
71 890 0.9997208714485168
71 224 0.9997208714485168
71 538 0.999236524105072
71 88 0.999177873134613
72 300 1.0
72 640 1.0
72 471 1.0
72 516 1.0
72 368 1.0
72 583 0.9999579191207886
72 306 0.9999579191207886
72 247 0.9999579191207886
72 248 0.9999579191207886
72 354 0.9999579191207886
73 106 0.9999999403953552
73 70 0.9999999403953552
73 642 0.9999999403953552
73 308 0.9999643564224243
73 917 0.9999643564224243
73 429 0.9999637603759766
73 39 0.9999637603759766
73 887 0.9998582005500793
73 336 0.9998544454574585
73 194 0.9996829032897949
74 566 1.0
74 447 0.9999575614929199
74 254 0.9999575614929199
74 421 0.9998325705528259
74 431 0.9998297095298767
74 15 0.9996153116226196
74 144 0.997997522354126
74 374 0.99787437915802
74 91 0.997397780418396
74 386 0.9967237710952759
75 940 0.9999999403953552
75 533 0.9999999403953552
75 531 0.9999999403953552
75 772 0.9999999403953552
75 585 0.9999999403953552
75 639 0.9999999403953552
75 496 0.9999999403953552
75 116 0.9999999403953552
75 362 0.9999999403953552
75 648 0.9999999403953552
76 669 1.0000001192092896
76 310 0.99984210729599
76 243 0.9998388290405273
76 544 0.9996355772018433
76 789 0.9996355772018433
76 293 0.9993754029273987
76 849 0.9993754029273987
76 43 0.9993488788604736
76 738 0.9990295767784119
76 737 0.9990295767784119
77 85 0.9999999403953552
77 393 0.9999582767486572
77 664 0.9999582767486572
77 749 0.9998356103897095
77 260 0.9998356103897095
77 747 0.9998356103897095
77 499 0.9998356103897095
77 767 0.9996318817138672
77 508 0.999621570110321
77 189 0.9993488788604736
78 150 0.9999637603759766
78 33 0.9999637603759766
78 493 0.9999637603759766
78 687 0.9998544454574585
78 237 0.9996829032897949
78 715 0.9996705651283264
78 88 0.99944007396698
78 295 0.99944007396698
78 276 0.9994106888771057
78 856 0.9994106888771057
79 276 0.9999621510505676
79 856 0.9999621510505676
79 399 0.9999616742134094
79 878 0.9999616742134094
79 715 0.9998492002487183
79 687 0.9996623992919922
79 150 0.9994034171104431
79 493 0.9994034171104431
79 33 0.9994034171104431
79 173 0.9993754625320435
80 541 1.0000001192092896
80 275 1.0000001192092896
80 724 1.0000001192092896
80 322 1.0000001192092896
80 922 1.0000001192092896
80 927 1.0000001192092896
80 258 1.0000001192092896
80 501 0.9999570250511169
80 510 0.9999570250511169
80 869 0.9999570250511169
81 140 0.999968945980072
81 779 0.999968945980072
81 383 0.9998787045478821
81 143 0.9997292160987854
81 829 0.9994925856590271
81 505 0.9994925856590271
81 378 0.9988416433334351
81 498 0.9979111552238464
81 262 0.9973377585411072
81 28 0.9973377585411072
82 397 1.0000001192092896
82 875 0.9999648928642273
82 765 0.9998601078987122
82 394 0.9996872544288635
82 402 0.9996746778488159
82 166 0.9996746778488159
82 580 0.9996746778488159
82 701 0.9996746778488159
82 668 0.9996746778488159
82 698 0.9994477033615112
83 212 0.9999611973762512
83 723 0.999960720539093
83 652 0.999960720539093
83 870 0.999960720539093
83 249 0.9996429085731506
83 373 0.9993892312049866
83 99 0.9993892312049866
83 545 0.9993892312049866
83 900 0.9986420273780823
83 180 0.9985499382019043
84 672 0.9999999403953552
84 571 0.9999999403953552
84 405 0.9999699592590332
84 677 0.9999693036079407
84 589 0.9999693036079407
84 157 0.9999693036079407
84 136 0.9999693036079407
84 546 0.9999693036079407
84 419 0.9998806118965149
84 58 0.999876856803894
85 77 0.9999999403953552
85 393 0.9999582767486572
85 664 0.9999582767486572
85 749 0.9998356103897095
85 260 0.9998356103897095
85 747 0.9998356103897095
85 499 0.9998356103897095
85 767 0.9996318817138672
85 508 0.999621570110321
85 189 0.9993488788604736
86 783 1.0
86 408 0.9999680519104004
86 454 0.9999680519104004
86 851 0.9999676942825317
86 236 0.9998731017112732
86 162 0.9998731017112732
86 47 0.9998693466186523
86 665 0.9997040629386902
86 787 0.999500036239624
86 327 0.999500036239624
87 941 0.9999684691429138
87 703 0.999876856803894
87 700 0.999876856803894
87 203 0.9997251033782959
87 515 0.9995150566101074
87 184 0.9995150566101074
87 907 0.9991896748542786
87 706 0.9985493421554565
87 638 0.9983890056610107
87 590 0.9981203079223633
88 295 1.0
88 237 0.9999656677246094
88 528 0.999470055103302
88 78 0.99944007396698
88 872 0.999177873134613
88 71 0.999177873134613
88 150 0.9991194009780884
88 33 0.9991194009780884
88 493 0.9991194009780884
88 719 0.9988247752189636
89 468 0.9999998807907104
89 930 0.9999998807907104
89 350 0.9999738931655884
89 552 0.999893307685852
89 931 0.999893307685852
89 857 0.999769926071167
89 491 0.9997580647468567
89 445 0.9997580647468567
89 573 0.9995663166046143
89 523 0.9995663166046143
90 171 1.0000001192092896
90 46 0.9998843669891357
90 514 0.9998843669891357
90 312 0.9937943816184998
90 206 0.9917798042297363
90 880 0.9917798042297363
90 743 0.9868031144142151
90 287 0.9853547215461731
90 574 0.9838226437568665
90 62 0.9805028438568115
91 330 0.9999611973762512
91 386 0.9999611973762512
91 144 0.999960720539093
91 421 0.9985499382019043
91 566 0.997397780418396
91 74 0.997397780418396
91 38 0.9970009326934814
91 254 0.9966915249824524
91 447 0.9966915249824524
91 431 0.9958974719047546
92 575 1.0
92 112 0.9999680519104004
92 226 0.9998713135719299
92 774 0.9998713135719299
92 473 0.9997208714485168
92 334 0.9997081756591797
92 297 0.9994776248931885
92 5 0.9988077878952026
92 283 0.9978512525558472
92 768 0.9972619414329529
93 102 0.9999999403953552
93 770 0.9999999403953552
93 756 0.9999999403953552
93 659 0.9999999403953552
93 285 0.9999586939811707
93 103 0.9999586939811707
93 428 0.9999586939811707
93 483 0.9999586939811707
93 757 0.9999586939811707
93 912 0.9999586939811707
94 577 1.0
94 939 0.999960720539093
94 761 0.999960720539093
94 446 0.9999603629112244
94 189 0.9999603629112244
94 41 0.9999603629112244
94 190 0.9998438358306885
94 767 0.999840497970581
94 747 0.9996392130851746
94 749 0.9996392130851746
95 489 0.9993426203727722
95 781 0.9993188977241516
95 23 0.9993188977241516
95 22 0.9989778399467468
95 409 0.9989778399467468
95 919 0.9989778399467468
95 149 0.9989315867424011
95 600 0.9984556436538696
95 836 0.9952077865600586
95 259 0.9912928342819214
96 835 0.9999663233757019
96 145 0.9998655915260315
96 839 0.99944007396698
96 238 0.99944007396698
96 570 0.9970744848251343
96 380 0.9963662624359131
96 188 0.9955769181251526
96 825 0.9915860295295715
96 432 0.9903746247291565
96 822 0.9903746247291565
97 834 0.9991896748542786
97 185 0.9966437220573425
98 75 0.9999999403953552
98 940 0.9999999403953552
98 533 0.9999999403953552
98 531 0.9999999403953552
98 772 0.9999999403953552
98 585 0.9999999403953552
98 639 0.9999999403953552
98 496 0.9999999403953552
98 116 0.9999999403953552
98 362 0.9999999403953552
98 648 0.9999999403953552
99 373 1.0000001192092896
99 545 1.0000001192092896
99 900 0.9998526573181152
99 768 0.9996705651283264
99 212 0.999658465385437
99 283 0.9994180798530579
99 83 0.9993892312049866
99 652 0.9990403652191162
99 723 0.9990403652191162
99 870 0.9990403652191162
100 460 1.0000001192092896
100 579 0.9999551773071289
100 450 0.9999551773071289
100 620 0.9998210072517395
100 396 0.9998210072517395
100 862 0.9998210072517395
100 618 0.9998210072517395
100 66 0.9998210072517395
100 366 0.9998210072517395
100 760 0.9998210072517395
101 318 0.9999999403953552
101 54 0.9999632835388184
101 791 0.9998562932014465
101 199 0.9998562932014465
101 181 0.9998526573181152
101 28 0.9996787309646606
101 262 0.9996787309646606
101 632 0.9996663928031921
101 214 0.9996663928031921
101 498 0.9994325637817383
102 93 0.9999999403953552
102 770 0.9999999403953552
102 756 0.9999999403953552
102 659 0.9999999403953552
102 285 0.9999586939811707
102 103 0.9999586939811707
102 428 0.9999586939811707
102 483 0.9999586939811707
102 757 0.9999586939811707
102 912 0.9999586939811707
103 912 1.0
103 757 1.0
103 285 1.0
103 428 1.0
103 483 1.0
103 475 0.9999591708183289
103 225 0.9999591708183289
103 769 0.9999591708183289
103 683 0.9999591708183289
103 932 0.9999591708183289
104 68 1.0
104 434 1.0
104 267 1.0
104 626 1.0
104 745 0.9999579191207886
104 266 0.9999575614929199
104 560 0.9999575614929199
104 713 0.9998325705528259
104 486 0.9998297095298767
104 215 0.9998297095298767
105 751 0.9999738931655884
105 233 0.9999738931655884
105 307 0.9999738931655884
105 899 0.9999738931655884
105 563 0.9996015429496765
105 650 0.9996015429496765
105 317 0.9996015429496765
105 479 0.9995735287666321
105 348 0.9988109469413757
105 572 0.9988109469413757
106 70 0.9999999403953552
106 73 0.9999999403953552
106 642 0.9999999403953552
106 308 0.9999643564224243
106 917 0.9999643564224243
106 429 0.9999637603759766
106 39 0.9999637603759766
106 887 0.9998582005500793
106 336 0.9998544454574585
106 194 0.9996829032897949
107 253 1.0000001192092896
107 593 0.9998676180839539
107 301 0.999863862991333
107 191 0.999863862991333
107 165 0.9997040629386902
107 12 0.9997040629386902
107 635 0.9997040629386902
107 893 0.9997040629386902
107 328 0.9994776248931885
107 655 0.9994776248931885
108 511 1.0
108 923 1.0
108 477 1.0
108 788 1.0
108 896 0.9999599456787109
108 439 0.9999599456787109
108 876 0.9999599456787109
108 636 0.9999599456787109
108 813 0.9999599456787109
108 387 0.999840497970581
109 709 0.9999998807907104
109 220 0.9999998807907104
109 728 0.9999998807907104
109 245 0.9999998807907104
109 290 0.9999998807907104
109 424 0.9999998807907104
109 392 0.9999998807907104
109 520 0.9999998807907104
109 816 0.9999998807907104
109 302 0.9999998807907104
110 395 1.0
110 156 1.0
110 933 0.9995735287666321
110 132 0.999544620513916
110 363 0.9990564584732056
110 270 0.9989590644836426
110 25 0.9981203079223633
110 339 0.9963637590408325
110 847 0.9963637590408325
110 766 0.9958289861679077
111 442 0.9990295767784119
111 689 0.9990295767784119
111 385 0.9986104965209961
111 335 0.9979784488677979
111 286 0.9966294169425964
111 807 0.9917868375778198
111 752 0.9771434664726257
111 210 0.9593758583068848
112 92 0.9999680519104004
112 575 0.9999680519104004
112 226 0.9999676942825317
112 774 0.9999676942825317
112 334 0.9998693466186523
112 297 0.9997040629386902
112 473 0.999500036239624
112 5 0.9991661310195923
112 283 0.9983431696891785
112 768 0.9978212118148804
113 863 1.0
113 159 1.0
113 644 1.0
113 624 1.0
113 513 1.0
113 57 1.0
113 282 0.9999591708183289
113 605 0.9999591708183289
113 660 0.9999591708183289
113 52 0.9999586939811707
114 379 0.999960720539093
114 784 0.999960720539093
114 401 0.9999603629112244
114 663 0.9999603629112244
114 40 0.9998438358306885
114 147 0.9998438358306885
114 604 0.9998438358306885
114 529 0.999840497970581
114 406 0.999840497970581
114 494 0.999840497970581
115 163 0.9983431696891785
115 59 0.996690571308136
115 909 0.9945138096809387
115 519 0.9853840470314026
116 75 0.9999999403953552
116 940 0.9999999403953552
116 533 0.9999999403953552
116 531 0.9999999403953552
116 772 0.9999999403953552
116 585 0.9999999403953552
116 639 0.9999999403953552
116 496 0.9999999403953552
116 362 0.9999999403953552
116 648 0.9999999403953552
117 281 0.9999567866325378
117 316 0.9999567866325378
117 508 0.9998282194137573
117 664 0.9993187785148621
117 393 0.9993187785148621
117 85 0.9989402890205383
117 77 0.9989402890205383
117 499 0.9979416728019714
117 747 0.9979416728019714
117 260 0.9979416728019714
118 218 0.9999999403953552
118 657 0.9999611973762512
118 278 0.9999611973762512
118 742 0.999960720539093
118 133 0.999960720539093
118 599 0.999845564365387
118 16 0.99984210729599
118 675 0.99984210729599
118 474 0.99984210729599
118 794 0.99984210729599
119 601 1.0
119 628 0.9999676942825317
119 272 0.9997166395187378
119 796 0.9997040629386902
119 913 0.9997040629386902
119 732 0.9997040629386902
119 543 0.9997040629386902
119 459 0.9997040629386902
119 315 0.999470055103302
119 168 0.999224841594696
120 661 0.999971330165863
120 854 0.9999708533287048
120 882 0.999248206615448
120 230 0.9989089965820312
120 610 0.9980311989784241
120 905 0.9974895119667053
120 532 0.9961946606636047
120 682 0.9954385757446289
120 584 0.9942545890808105
120 18 0.9937028884887695
121 795 0.9999999403953552
121 556 0.99984210729599
121 667 0.9996429085731506
121 263 0.9993892312049866
121 910 0.9990512728691101
121 616 0.9989979267120361
121 797 0.9976155161857605
121 503 0.9976155161857605
121 389 0.996320903301239
121 490 0.9955769181251526
122 901 0.9997081756591797
122 259 0.9978512525558472
122 836 0.9950351715087891
122 409 0.9884079694747925
122 919 0.9884079694747925
122 22 0.9884079694747925
122 489 0.9870087504386902
122 95 0.9805350303649902
122 781 0.9726219177246094
122 23 0.9726219177246094
123 777 1.0000001192092896
123 741 0.9999621510505676
123 377 0.9999621510505676
123 349 0.999845564365387
123 889 0.999845564365387
123 559 0.999845564365387
123 764 0.9996505975723267
123 778 0.9996505975723267
123 868 0.9993754625320435
123 773 0.9993754625320435
124 364 0.9999599456787109
124 679 0.999646782875061
124 845 0.9996355772018433
124 338 0.9990295767784119
124 418 0.9981197714805603
124 588 0.996629536151886
124 204 0.989590048789978
124 160 0.9858840703964233
124 9 0.9817217588424683
125 443 0.9812422394752502
126 129 0.9930426478385925
126 56 0.987914502620697
126 627 0.9830973148345947
126 288 0.9794185161590576
127 45 0.999625027179718
127 148 0.9951580762863159
127 423 0.9942693710327148
127 128 0.9942693710327148
127 612 0.9933120012283325
127 597 0.9900437593460083
127 855 0.9862130284309387
127 680 0.9848185181617737
127 808 0.975324809551239
128 423 1.0000001192092896
128 612 0.9999629855155945
128 148 0.999962568283081
128 597 0.9994180798530579
128 855 0.9982520341873169
128 680 0.9977321028709412
128 45 0.9968239665031433
128 127 0.9942693710327148
128 808 0.9933373332023621
129 56 0.9992932081222534
129 627 0.9978165626525879
129 288 0.9963719844818115
129 126 0.9930426478385925
130 265 0.9997659921646118
130 561 0.9993055462837219
130 671 0.9993055462837219
130 538 0.9989919662475586
130 437 0.9981790781021118
130 224 0.9981790781021118
130 890 0.9981790781021118
130 522 0.9976770281791687
130 798 0.9971097111701965
130 719 0.9971097111701965
131 935 1.0
131 398 0.9999579191207886
131 696 0.9999579191207886
131 688 0.9999579191207886
131 918 0.9999579191207886
131 596 0.9999575614929199
131 177 0.9998325705528259
131 833 0.9998325705528259
131 586 0.9998325705528259
131 662 0.9998325705528259
132 270 0.9998806118965149
132 395 0.999544620513916
132 110 0.999544620513916
132 156 0.999544620513916
132 25 0.9995150566101074
132 847 0.998481035232544
132 339 0.998481035232544
132 933 0.998237133026123
132 381 0.998001217842102
132 637 0.998001217842102
133 742 1.0
133 218 0.999960720539093
133 118 0.999960720539093
133 736 0.9999603629112244
133 794 0.9999603629112244
133 474 0.9999603629112244
133 16 0.9999603629112244
133 675 0.9999603629112244
133 278 0.9998438358306885
133 657 0.9998438358306885
134 32 0.9999998807907104
134 36 0.9999998807907104
134 65 0.9999998807907104
134 390 0.9999998807907104
134 837 0.9999998807907104
134 407 0.9999998807907104
134 705 0.9999998807907104
134 300 0.9999575614929199
134 640 0.9999575614929199
134 72 0.9999575614929199
135 359 0.9999999403953552
135 911 0.9999999403953552
135 167 0.9997208714485168
135 311 0.9997208714485168
135 695 0.9995299577713013
135 488 0.9995299577713013
135 332 0.999500036239624
135 172 0.9992713332176208
135 453 0.9989590644836426
135 551 0.9988584518432617
136 589 0.9999998807907104
136 546 0.9999998807907104
136 157 0.9999998807907104
136 677 0.9999998807907104
136 571 0.9999693036079407
136 84 0.9999693036079407
136 672 0.9999693036079407
136 58 0.9999688863754272
136 405 0.9998787045478821
136 936 0.9998749494552612
137 840 0.9999671578407288
137 934 0.9994626045227051
137 426 0.9992131590843201
137 844 0.9907965064048767
137 298 0.9894598722457886
137 250 0.988116443157196
138 75 0.9999999403953552
138 940 0.9999999403953552
138 533 0.9999999403953552
138 531 0.9999999403953552
138 772 0.9999999403953552
138 585 0.9999999403953552
138 639 0.9999999403953552
138 496 0.9999999403953552
138 116 0.9999999403953552
138 362 0.9999999403953552
138 648 0.9999999403953552
139 853 0.9999599456787109
139 229 0.9998388290405273
139 31 0.9998388290405273
139 653 0.9996355772018433
139 938 0.9993488788604736
139 240 0.9993488788604736
139 202 0.9989778399467468
139 371 0.9989778399467468
139 576 0.9986104965209961
139 874 0.9985214471817017
140 779 1.0000001192092896
140 81 0.999968945980072
140 383 0.9997252225875854
140 505 0.9997125864028931
140 829 0.9997125864028931
140 143 0.999515175819397
140 378 0.9991897344589233
140 498 0.9983890652656555
140 262 0.9978812336921692
140 28 0.9978812336921692
141 850 0.9988788962364197
141 746 0.9983905553817749
141 676 0.9978165626525879
141 830 0.9971578121185303
141 708 0.9971578121185303
141 216 0.9964154362678528
141 518 0.9964154362678528
141 634 0.9964154362678528
141 607 0.9964154362678528
141 596 0.9955904483795166
142 717 0.9999999403953552
142 457 0.9991661310195923
142 487 0.9988077878952026
142 324 0.9988077878952026
142 737 0.9982295036315918
142 738 0.9982295036315918
142 440 0.9979111552238464
142 849 0.9976732730865479
142 293 0.9976732730865479
142 310 0.996320903301239
143 383 0.9999704360961914
143 81 0.9997292160987854
143 140 0.999515175819397
143 779 0.999515175819397
143 693 0.9986390471458435
143 829 0.998481035232544
143 505 0.998481035232544
143 378 0.9974517822265625
143 776 0.9972909688949585
143 498 0.9961380362510681
144 91 0.999960720539093
144 330 0.9998438358306885
144 386 0.9998438358306885
144 421 0.9989877939224243
144 74 0.997997522354126
144 566 0.997997522354126
144 447 0.9973726272583008
144 254 0.9973726272583008
144 431 0.9966602325439453
144 38 0.9962760806083679
145 835 0.9999666810035706
145 96 0.9998655915260315
145 839 0.9987571835517883
145 238 0.9987571835517883
145 570 0.9956873059272766
145 380 0.9948360323905945
145 188 0.9939029216766357
145 825 0.989330530166626
145 432 0.9879723787307739
145 822 0.9879723787307739
146 26 1.0000001192092896
146 562 0.9999643564224243
146 337 0.9999643564224243
146 638 0.9998601078987122
146 277 0.9996746778488159
146 907 0.9994477033615112
146 941 0.9978512525558472
146 684 0.9976155161857605
146 87 0.9972999095916748
146 894 0.9969647526741028
147 604 1.0
147 40 1.0
147 691 0.9999616146087646
147 379 0.9999611973762512
147 784 0.9999611973762512
147 881 0.9998473525047302
147 114 0.9998438358306885
147 521 0.9996584057807922
147 370 0.9996584057807922
147 536 0.9996584057807922
148 423 0.999962568283081
148 128 0.999962568283081
148 612 0.9998508095741272
148 597 0.9990850687026978
148 855 0.9977026581764221
148 45 0.9974763989448547
148 680 0.9971116185188293
148 127 0.9951580762863159
148 808 0.9923018217086792
149 781 0.9999566078186035
149 23 0.9999566078186035
149 600 0.9999561309814453
149 95 0.9989315867424011
149 489 0.996599555015564
149 22 0.9958217740058899
149 409 0.9958217740058899
149 919 0.9958217740058899
149 836 0.9896258115768433
149 259 0.9841487407684326
150 33 0.9999999403953552
150 493 0.9999999403953552
150 78 0.9999637603759766
150 687 0.9999632835388184
150 715 0.9998526573181152
150 856 0.9996663928031921
150 276 0.9996663928031921
150 237 0.9994325637817383
150 79 0.9994034171104431
150 295 0.9991194009780884
151 208 1.0
151 329 0.9998473525047302
151 449 0.9998473525047302
151 555 0.9998473525047302
151 223 0.9998438358306885
151 592 0.9998438358306885
151 554 0.9993686676025391
151 296 0.9993686676025391
151 763 0.9985647797584534
151 810 0.9981850385665894
152 247 0.9999998807907104
152 248 0.9999998807907104
152 153 0.9999998807907104
152 306 0.9999998807907104
152 583 0.9999998807907104
152 354 0.9999998807907104
152 726 0.9999998807907104
152 892 0.9999998807907104
152 102 0.9999582767486572
152 93 0.9999582767486572
153 247 0.9999998807907104
153 248 0.9999998807907104
153 306 0.9999998807907104
153 583 0.9999998807907104
153 354 0.9999998807907104
153 726 0.9999998807907104
153 152 0.9999998807907104
153 892 0.9999998807907104
153 102 0.9999582767486572
153 93 0.9999582767486572
154 4 0.9999611973762512
154 884 0.99984210729599
154 17 0.9996544718742371
154 759 0.9996544718742371
154 37 0.9993619322776794
154 731 0.9993619322776794
154 375 0.9993619322776794
154 11 0.9993619322776794
154 718 0.9990512728691101
154 804 0.9989979267120361
155 411 0.9999998807907104
155 186 0.9999582767486572
155 569 0.9999582767486572
155 702 0.9999582767486572
155 902 0.9996283650398254
155 50 0.9996283650398254
155 478 0.9989778399467468
155 314 0.9985354542732239
155 790 0.9985354542732239
155 658 0.9985354542732239
156 110 1.0
156 395 1.0
156 933 0.9995735287666321
156 132 0.999544620513916
156 363 0.9990564584732056
156 270 0.9989590644836426
156 25 0.9981203079223633
156 339 0.9963637590408325
156 847 0.9963637590408325
156 766 0.9958289861679077
157 589 0.9999998807907104
157 136 0.9999998807907104
157 546 0.9999998807907104
157 677 0.9999998807907104
157 571 0.9999693036079407
157 84 0.9999693036079407
157 672 0.9999693036079407
157 58 0.9999688863754272
157 405 0.9998787045478821
157 936 0.9998749494552612
158 48 0.9999998807907104
158 476 0.9999998807907104
158 874 0.9999575614929199
158 347 0.9999575614929199
158 711 0.9999571442604065
158 916 0.9999571442604065
158 303 0.9999571442604065
158 710 0.9999571442604065
158 598 0.9999571442604065
158 371 0.9998310208320618
159 863 1.0
159 113 1.0
159 644 1.0
159 624 1.0
159 513 1.0
159 57 1.0
159 282 0.9999591708183289
159 605 0.9999591708183289
159 660 0.9999591708183289
159 52 0.9999586939811707
160 9 0.9997292160987854
160 204 0.9997166395187378
160 418 0.994292676448822
160 338 0.9923018217086792
160 679 0.989986002445221
160 124 0.9858840703964233
160 364 0.9843451380729675
160 845 0.9810046553611755
160 588 0.9688260555267334
161 864 0.9999998807907104
161 30 0.9999579191207886
161 822 0.9998340010643005
161 432 0.9998340010643005
161 825 0.9996283650398254
161 595 0.9989315867424011
161 188 0.998016893863678
161 380 0.9974234700202942
161 570 0.9967564940452576
161 238 0.9923698902130127
162 236 0.9999999403953552
162 454 0.9999684691429138
162 408 0.9999684691429138
162 327 0.999876856803894
162 787 0.999876856803894
162 783 0.9998731017112732
162 86 0.9998731017112732
162 851 0.9997124671936035
162 47 0.9994850158691406
162 665 0.9991896748542786
163 59 0.9997166395187378
163 115 0.9983431696891785
163 519 0.9935535192489624
163 909 0.9868466258049011
164 858 0.9998244643211365
164 372 0.9993134140968323
164 750 0.9993134140968323
164 906 0.9989315867424011
164 733 0.9989315867424011
164 341 0.9989315867424011
164 416 0.9979240894317627
164 504 0.9979240894317627
164 804 0.9979240894317627
164 436 0.9979240894317627
165 635 1.0
165 893 1.0
165 12 1.0
165 936 0.9999680519104004
165 655 0.9999680519104004
165 328 0.9999680519104004
165 593 0.9999676942825317
165 58 0.9998731017112732
